TASD4B_AS_2024-10-23_224926_CASLEO.ecsv
# %ECSV 0.9
# ---
# datatype:
# - {name: ind, datatype: int64}
# - {name: Datetime, datatype: string}
# - {name: UT_Datetime, datatype: string}
# - {name: Temp_IR, datatype: float64}
# - {name: T_sens, datatype: float64}
# - {name: Mag, datatype: float64}
# - {name: Hz, datatype: float64}
# - {name: Alt, datatype: float64}
# - {name: Azi, datatype: float64}
# - {name: Lat, datatype: float64}
# - {name: Long, datatype: float64}
# - {name: SL, datatype: int64}
# delimiter: ','
# meta: !!omap
# - keywords: !!omap
#   - {measurements_file: TASD4B_AS_2024-10-23_224926_CASLEO.txt}
#   - {location: 'RP439, Calingasta, San Juan, Argentina'}
#   - {place: CASLEO}
#   - {latitude: '-31.79899'}
#   - {longitude: '-69.29582'}
#   - {height: '2531'}
#   - {author: Claudia Alamo}
#   - {association: CASLEO}
#   - {photometer: TASD4B}
#   - {LT_mean_date: '2024-10-23 22:53:47'}
#   - {LT_time_ini: '2024-10-23 22:49:26'}
#   - {LT_time_end: '2024-10-23 23:00:14'}
#   - {timezone: America/Argentina/San_Juan}
#   - {UT_mean_date: '2024-10-24 01:53:47'}
#   - {UT_time_ini: '2024-10-24 01:49:26'}
#   - {UT_time_end: '2024-10-24 02:00:14'}
#   - {comments: '#  TASD4B ci:20.4 T IR T Sens Mag  Hz  Alt Azi  Lat  Lon  SL Bat '}
# schema: astropy-2.0
ind,Datetime,UT_Datetime,Temp_IR,T_sens,Mag,Hz,Alt,Azi,Lat,Long,SL
1,2024-10-23 22:49:26,2024-10-24 01:49:26,-11.81,5.35,20.91,0.63,10.0,0.0,-31.79899,-69.29582,2531
2,2024-10-23 22:49:29,2024-10-24 01:49:29,-11.33,5.39,21.0,0.57,10.0,11.0,-31.79899,-69.29582,2531
3,2024-10-23 22:49:33,2024-10-24 01:49:33,-10.49,5.39,21.08,0.54,10.0,22.0,-31.79899,-69.29582,2531
4,2024-10-23 22:49:37,2024-10-24 01:49:37,-6.19,5.39,21.18,0.49,10.0,33.0,-31.79899,-69.29582,2531
5,2024-10-23 22:49:42,2024-10-24 01:49:42,-0.49,5.41,21.52,0.36,10.0,45.0,-31.79899,-69.29582,2531
6,2024-10-23 22:49:48,2024-10-24 01:49:48,4.05,5.41,21.56,0.34,10.0,56.0,-31.79899,-69.29582,2531
7,2024-10-23 22:49:54,2024-10-24 01:49:54,4.85,5.39,21.61,0.33,10.0,67.0,-31.79899,-69.29582,2531
8,2024-10-23 22:49:59,2024-10-24 01:49:59,1.21,5.41,21.3,0.44,10.0,78.0,-31.79899,-69.29582,2531
9,2024-10-23 22:50:02,2024-10-24 01:50:02,-3.79,5.41,20.73,0.74,10.0,90.0,-31.79899,-69.29582,2531
10,2024-10-23 22:50:05,2024-10-24 01:50:05,-8.29,5.39,20.44,0.97,10.0,101.0,-31.79899,-69.29582,2531
11,2024-10-23 22:50:08,2024-10-24 01:50:08,-9.97,5.39,20.51,0.91,10.0,112.0,-31.79899,-69.29582,2531
12,2024-10-23 22:50:11,2024-10-24 01:50:11,-7.39,5.39,20.79,0.7,10.0,123.0,-31.79899,-69.29582,2531
13,2024-10-23 22:50:15,2024-10-24 01:50:15,-6.09,5.41,21.31,0.43,10.0,135.0,-31.79899,-69.29582,2531
14,2024-10-23 22:50:20,2024-10-24 01:50:20,-6.27,5.39,21.37,0.41,10.0,146.0,-31.79899,-69.29582,2531
15,2024-10-23 22:50:25,2024-10-24 01:50:25,-8.37,5.39,21.23,0.46,10.0,157.0,-31.79899,-69.29582,2531
16,2024-10-23 22:50:29,2024-10-24 01:50:29,-8.67,5.41,21.19,0.49,10.0,168.0,-31.79899,-69.29582,2531
17,2024-10-23 22:50:34,2024-10-24 01:50:34,-8.17,5.39,21.39,0.4,10.0,180.0,-31.79899,-69.29582,2531
18,2024-10-23 22:50:39,2024-10-24 01:50:39,-8.41,5.35,21.34,0.42,10.0,191.0,-31.79899,-69.29582,2531
19,2024-10-23 22:50:43,2024-10-24 01:50:43,-8.75,5.43,21.27,0.45,10.0,202.0,-31.79899,-69.29582,2531
20,2024-10-23 22:50:47,2024-10-24 01:50:47,-8.89,5.39,21.19,0.48,10.0,213.0,-31.79899,-69.29582,2531
21,2024-10-23 22:50:51,2024-10-24 01:50:51,-9.53,5.39,21.06,0.55,10.0,225.0,-31.79899,-69.29582,2531
22,2024-10-23 22:50:55,2024-10-24 01:50:55,-9.83,5.41,20.9,0.63,10.0,236.0,-31.79899,-69.29582,2531
23,2024-10-23 22:50:57,2024-10-24 01:50:57,-10.57,5.39,20.78,0.7,10.0,247.0,-31.79899,-69.29582,2531
24,2024-10-23 22:51:00,2024-10-24 01:51:00,-10.63,5.39,20.69,0.76,10.0,258.0,-31.79899,-69.29582,2531
25,2024-10-23 22:51:02,2024-10-24 01:51:02,-11.59,5.39,20.61,0.82,10.0,270.0,-31.79899,-69.29582,2531
26,2024-10-23 22:51:06,2024-10-24 01:51:06,-11.93,5.43,20.57,0.86,10.0,281.0,-31.79899,-69.29582,2531
27,2024-10-23 22:51:10,2024-10-24 01:51:10,-12.39,5.43,20.68,0.78,10.0,292.0,-31.79899,-69.29582,2531
28,2024-10-23 22:51:13,2024-10-24 01:51:13,-12.29,5.41,20.83,0.67,10.0,303.0,-31.79899,-69.29582,2531
29,2024-10-23 22:51:16,2024-10-24 01:51:16,-12.07,5.39,20.88,0.64,10.0,315.0,-31.79899,-69.29582,2531
30,2024-10-23 22:51:19,2024-10-24 01:51:19,-12.97,5.43,20.86,0.65,10.0,326.0,-31.79899,-69.29582,2531
31,2024-10-23 22:51:22,2024-10-24 01:51:22,-12.75,5.45,20.77,0.71,10.0,337.0,-31.79899,-69.29582,2531
32,2024-10-23 22:51:24,2024-10-24 01:51:24,-12.47,5.41,20.76,0.72,10.0,348.0,-31.79899,-69.29582,2531
33,2024-10-23 22:51:29,2024-10-24 01:51:29,-21.83,5.45,20.71,0.75,20.0,0.0,-31.79899,-69.29582,2531
34,2024-10-23 22:51:33,2024-10-24 01:51:33,-21.13,5.43,20.79,0.7,20.0,12.0,-31.79899,-69.29582,2531
35,2024-10-23 22:51:36,2024-10-24 01:51:36,-19.51,5.39,20.86,0.66,20.0,25.0,-31.79899,-69.29582,2531
36,2024-10-23 22:51:39,2024-10-24 01:51:39,-12.35,5.43,21.11,0.52,20.0,38.0,-31.79899,-69.29582,2531
37,2024-10-23 22:51:44,2024-10-24 01:51:44,-4.85,5.43,21.33,0.42,20.0,51.0,-31.79899,-69.29582,2531
38,2024-10-23 22:51:49,2024-10-24 01:51:49,-0.61,5.43,21.35,0.42,20.0,64.0,-31.79899,-69.29582,2531
39,2024-10-23 22:51:53,2024-10-24 01:51:53,-4.77,5.43,21.14,0.5,20.0,77.0,-31.79899,-69.29582,2531
40,2024-10-23 22:51:55,2024-10-24 01:51:55,-12.15,5.43,20.5,0.91,20.0,90.0,-31.79899,-69.29582,2531
41,2024-10-23 22:51:58,2024-10-24 01:51:58,-18.65,5.39,20.27,1.12,20.0,102.0,-31.79899,-69.29582,2531
42,2024-10-23 22:52:01,2024-10-24 01:52:01,-19.41,5.39,20.38,1.01,20.0,115.0,-31.79899,-69.29582,2531
43,2024-10-23 22:52:05,2024-10-24 01:52:05,-16.83,5.41,20.71,0.75,20.0,128.0,-31.79899,-69.29582,2531
44,2024-10-23 22:52:08,2024-10-24 01:52:08,-16.55,5.41,20.96,0.59,20.0,141.0,-31.79899,-69.29582,2531
45,2024-10-23 22:52:11,2024-10-24 01:52:11,-17.11,5.39,20.91,0.63,20.0,154.0,-31.79899,-69.29582,2531
46,2024-10-23 22:52:14,2024-10-24 01:52:14,-18.55,5.39,20.91,0.62,20.0,167.0,-31.79899,-69.29582,2531
47,2024-10-23 22:52:18,2024-10-24 01:52:18,-18.25,5.39,20.94,0.61,20.0,180.0,-31.79899,-69.29582,2531
48,2024-10-23 22:52:21,2024-10-24 01:52:21,-18.55,5.35,20.95,0.6,20.0,192.0,-31.79899,-69.29582,2531
49,2024-10-23 22:52:24,2024-10-24 01:52:24,-19.65,5.35,20.86,0.65,20.0,205.0,-31.79899,-69.29582,2531
50,2024-10-23 22:52:27,2024-10-24 01:52:27,-19.99,5.31,20.77,0.71,20.0,218.0,-31.79899,-69.29582,2531
51,2024-10-23 22:52:30,2024-10-24 01:52:30,-20.15,5.35,20.61,0.82,20.0,231.0,-31.79899,-69.29582,2531
52,2024-10-23 22:52:34,2024-10-24 01:52:34,-20.83,5.35,20.49,0.92,20.0,244.0,-31.79899,-69.29582,2531
53,2024-10-23 22:52:37,2024-10-24 01:52:37,-21.23,5.33,20.39,1.01,20.0,257.0,-31.79899,-69.29582,2531
54,2024-10-23 22:52:40,2024-10-24 01:52:40,-21.67,5.33,20.27,1.13,20.0,270.0,-31.79899,-69.29582,2531
55,2024-10-23 22:52:42,2024-10-24 01:52:42,-22.53,5.35,20.21,1.19,20.0,282.0,-31.79899,-69.29582,2531
56,2024-10-23 22:52:45,2024-10-24 01:52:45,-22.17,5.39,20.36,1.03,20.0,295.0,-31.79899,-69.29582,2531
57,2024-10-23 22:52:48,2024-10-24 01:52:48,-22.31,5.29,20.54,0.88,20.0,308.0,-31.79899,-69.29582,2531
58,2024-10-23 22:52:52,2024-10-24 01:52:52,-22.53,5.31,20.62,0.82,20.0,321.0,-31.79899,-69.29582,2531
59,2024-10-23 22:52:55,2024-10-24 01:52:55,-22.31,5.29,20.6,0.83,20.0,334.0,-31.79899,-69.29582,2531
60,2024-10-23 22:52:59,2024-10-24 01:52:59,-22.63,5.29,20.62,0.82,20.0,347.0,-31.79899,-69.29582,2531
61,2024-10-23 22:53:03,2024-10-24 01:53:03,-26.49,5.31,20.86,0.65,30.0,0.0,-31.79899,-69.29582,2531
62,2024-10-23 22:53:06,2024-10-24 01:53:06,-26.77,5.31,20.94,0.61,30.0,15.0,-31.79899,-69.29582,2531
63,2024-10-23 22:53:10,2024-10-24 01:53:10,-24.35,5.25,20.97,0.59,30.0,30.0,-31.79899,-69.29582,2531
64,2024-10-23 22:53:14,2024-10-24 01:53:14,-18.45,5.31,21.08,0.54,30.0,45.0,-31.79899,-69.29582,2531
65,2024-10-23 22:53:17,2024-10-24 01:53:17,-12.15,5.29,21.11,0.52,30.0,60.0,-31.79899,-69.29582,2531
66,2024-10-23 22:53:21,2024-10-24 01:53:21,-12.79,5.27,21.1,0.52,30.0,75.0,-31.79899,-69.29582,2531
67,2024-10-23 22:53:24,2024-10-24 01:53:24,-19.13,5.31,20.74,0.73,30.0,90.0,-31.79899,-69.29582,2531
68,2024-10-23 22:53:28,2024-10-24 01:53:28,-25.45,5.27,20.61,0.82,30.0,105.0,-31.79899,-69.29582,2531
69,2024-10-23 22:53:32,2024-10-24 01:53:32,-25.55,5.27,20.73,0.74,30.0,120.0,-31.79899,-69.29582,2531
70,2024-10-23 22:53:36,2024-10-24 01:53:36,-23.59,5.25,20.93,0.62,30.0,135.0,-31.79899,-69.29582,2531
71,2024-10-23 22:53:40,2024-10-24 01:53:40,-24.51,5.25,20.98,0.59,30.0,150.0,-31.79899,-69.29582,2531
72,2024-10-23 22:53:43,2024-10-24 01:53:43,-25.71,5.27,20.98,0.58,30.0,165.0,-31.79899,-69.29582,2531
73,2024-10-23 22:53:47,2024-10-24 01:53:47,-25.39,5.21,20.98,0.59,30.0,180.0,-31.79899,-69.29582,2531
74,2024-10-23 22:53:50,2024-10-24 01:53:50,-26.13,5.23,20.98,0.59,30.0,195.0,-31.79899,-69.29582,2531
75,2024-10-23 22:53:53,2024-10-24 01:53:53,-26.23,5.19,20.94,0.61,30.0,210.0,-31.79899,-69.29582,2531
76,2024-10-23 22:53:58,2024-10-24 01:53:58,-26.33,5.19,20.85,0.66,30.0,225.0,-31.79899,-69.29582,2531
77,2024-10-23 22:54:02,2024-10-24 01:54:02,-26.77,5.21,20.7,0.76,30.0,240.0,-31.79899,-69.29582,2531
78,2024-10-23 22:54:06,2024-10-24 01:54:06,-26.77,5.13,20.57,0.85,30.0,255.0,-31.79899,-69.29582,2531
79,2024-10-23 22:54:09,2024-10-24 01:54:09,-27.07,5.13,20.39,1.01,30.0,270.0,-31.79899,-69.29582,2531
80,2024-10-23 22:54:11,2024-10-24 01:54:11,-26.55,5.09,20.31,1.09,30.0,285.0,-31.79899,-69.29582,2531
81,2024-10-23 22:54:14,2024-10-24 01:54:14,-27.03,5.09,20.46,0.94,30.0,300.0,-31.79899,-69.29582,2531
82,2024-10-23 22:54:18,2024-10-24 01:54:18,-26.93,5.11,20.64,0.8,30.0,315.0,-31.79899,-69.29582,2531
83,2024-10-23 22:54:22,2024-10-24 01:54:22,-26.71,5.09,20.72,0.74,30.0,330.0,-31.79899,-69.29582,2531
84,2024-10-23 22:54:26,2024-10-24 01:54:26,-26.87,5.07,20.79,0.7,30.0,345.0,-31.79899,-69.29582,2531
85,2024-10-23 22:54:31,2024-10-24 01:54:31,-29.29,5.07,21.07,0.54,40.0,0.0,-31.79899,-69.29582,2531
86,2024-10-23 22:54:35,2024-10-24 01:54:35,-29.23,5.05,21.1,0.53,40.0,18.0,-31.79899,-69.29582,2531
87,2024-10-23 22:54:39,2024-10-24 01:54:39,-28.37,5.07,21.06,0.54,40.0,36.0,-31.79899,-69.29582,2531
88,2024-10-23 22:54:43,2024-10-24 01:54:43,-25.81,4.99,21.04,0.55,40.0,54.0,-31.79899,-69.29582,2531
89,2024-10-23 22:54:46,2024-10-24 01:54:46,-23.43,5.03,21.01,0.57,40.0,72.0,-31.79899,-69.29582,2531
90,2024-10-23 22:54:49,2024-10-24 01:54:49,-26.07,5.03,20.93,0.62,40.0,90.0,-31.79899,-69.29582,2531
91,2024-10-23 22:54:54,2024-10-24 01:54:54,-28.69,5.03,20.94,0.61,40.0,108.0,-31.79899,-69.29582,2531
92,2024-10-23 22:54:59,2024-10-24 01:54:59,-28.75,4.99,21.03,0.56,40.0,126.0,-31.79899,-69.29582,2531
93,2024-10-23 22:55:03,2024-10-24 01:55:03,-28.59,5.01,21.11,0.52,40.0,144.0,-31.79899,-69.29582,2531
94,2024-10-23 22:55:09,2024-10-24 01:55:09,-28.63,4.99,21.15,0.5,40.0,162.0,-31.79899,-69.29582,2531
95,2024-10-23 22:55:13,2024-10-24 01:55:13,-28.75,4.95,21.16,0.5,40.0,180.0,-31.79899,-69.29582,2531
96,2024-10-23 22:55:17,2024-10-24 01:55:17,-28.75,4.99,21.12,0.52,40.0,198.0,-31.79899,-69.29582,2531
97,2024-10-23 22:55:21,2024-10-24 01:55:21,-28.97,4.99,21.09,0.53,40.0,216.0,-31.79899,-69.29582,2531
98,2024-10-23 22:55:26,2024-10-24 01:55:26,-29.23,4.91,21.0,0.58,40.0,234.0,-31.79899,-69.29582,2531
99,2024-10-23 22:55:31,2024-10-24 01:55:31,-29.45,4.89,20.88,0.64,40.0,252.0,-31.79899,-69.29582,2531
100,2024-10-23 22:55:35,2024-10-24 01:55:35,-29.01,4.91,20.73,0.74,40.0,270.0,-31.79899,-69.29582,2531
101,2024-10-23 22:55:39,2024-10-24 01:55:39,-29.23,4.85,20.66,0.79,40.0,288.0,-31.79899,-69.29582,2531
102,2024-10-23 22:55:43,2024-10-24 01:55:43,-29.45,4.85,20.76,0.72,40.0,306.0,-31.79899,-69.29582,2531
103,2024-10-23 22:55:48,2024-10-24 01:55:48,-29.13,4.87,20.9,0.63,40.0,324.0,-31.79899,-69.29582,2531
104,2024-10-23 22:55:53,2024-10-24 01:55:53,-29.35,4.85,20.99,0.58,40.0,342.0,-31.79898,-69.29582,2531
105,2024-10-23 22:55:59,2024-10-24 01:55:59,-31.39,4.83,21.17,0.49,50.0,0.0,-31.79898,-69.29582,2531
106,2024-10-23 22:56:05,2024-10-24 01:56:05,-30.67,4.85,21.18,0.49,50.0,22.0,-31.79898,-69.29582,2531
107,2024-10-23 22:56:09,2024-10-24 01:56:09,-30.95,4.79,21.13,0.51,50.0,45.0,-31.79898,-69.29582,2531
108,2024-10-23 22:56:14,2024-10-24 01:56:14,-30.51,4.83,21.08,0.53,50.0,67.0,-31.79898,-69.29582,2531
109,2024-10-23 22:56:20,2024-10-24 01:56:20,-30.89,4.81,21.08,0.54,50.0,90.0,-31.79898,-69.29582,2531
110,2024-10-23 22:56:26,2024-10-24 01:56:26,-30.39,4.77,21.15,0.5,50.0,112.0,-31.79898,-69.29582,2531
111,2024-10-23 22:56:30,2024-10-24 01:56:30,-30.55,4.81,21.22,0.47,50.0,135.0,-31.79898,-69.29582,2531
112,2024-10-23 22:56:34,2024-10-24 01:56:34,-30.95,4.77,21.27,0.45,50.0,157.0,-31.79898,-69.29582,2531
113,2024-10-23 22:56:39,2024-10-24 01:56:39,-30.95,4.75,21.28,0.45,50.0,180.0,-31.79898,-69.29582,2531
114,2024-10-23 22:56:43,2024-10-24 01:56:43,-31.05,4.73,21.25,0.46,50.0,202.0,-31.79898,-69.29582,2531
115,2024-10-23 22:56:47,2024-10-24 01:56:47,-31.57,4.67,21.2,0.48,50.0,225.0,-31.79898,-69.29582,2531
116,2024-10-23 22:56:51,2024-10-24 01:56:51,-31.73,4.67,21.1,0.52,50.0,247.0,-31.79898,-69.29582,2531
117,2024-10-23 22:56:57,2024-10-24 01:56:57,-31.39,4.67,21.0,0.57,50.0,270.0,-31.79898,-69.29582,2531
118,2024-10-23 22:57:02,2024-10-24 01:57:02,-31.29,4.59,20.94,0.61,50.0,292.0,-31.79898,-69.29582,2531
119,2024-10-23 22:57:07,2024-10-24 01:57:07,-31.23,4.63,21.0,0.58,50.0,315.0,-31.79898,-69.29582,2531
120,2024-10-23 22:57:12,2024-10-24 01:57:12,-31.05,4.59,21.1,0.52,50.0,337.0,-31.79898,-69.29582,2531
121,2024-10-23 22:57:19,2024-10-24 01:57:19,-32.51,4.57,21.22,0.47,60.0,0.0,-31.79898,-69.29582,2531
122,2024-10-23 22:57:25,2024-10-24 01:57:25,-32.39,4.53,21.22,0.47,60.0,30.0,-31.79898,-69.29582,2531
123,2024-10-23 22:57:31,2024-10-24 01:57:31,-32.07,4.59,21.19,0.48,60.0,60.0,-31.79898,-69.29582,2531
124,2024-10-23 22:57:38,2024-10-24 01:57:38,-32.57,4.57,21.21,0.47,60.0,90.0,-31.79898,-69.29582,2531
125,2024-10-23 22:57:44,2024-10-24 01:57:44,-32.19,4.53,21.29,0.44,60.0,120.0,-31.79898,-69.29582,2531
126,2024-10-23 22:57:51,2024-10-24 01:57:51,-32.07,4.49,21.33,0.43,60.0,150.0,-31.79898,-69.29582,2531
127,2024-10-23 22:57:58,2024-10-24 01:57:58,-32.19,4.53,21.33,0.43,60.0,180.0,-31.79898,-69.29582,2531
128,2024-10-23 22:58:05,2024-10-24 01:58:05,-32.75,4.41,21.33,0.43,60.0,210.0,-31.79898,-69.29582,2531
129,2024-10-23 22:58:12,2024-10-24 01:58:12,-32.69,4.43,21.26,0.45,60.0,240.0,-31.79898,-69.29582,2531
130,2024-10-23 22:58:18,2024-10-24 01:58:18,-32.39,4.41,21.16,0.5,60.0,270.0,-31.79898,-69.29582,2531
131,2024-10-23 22:58:24,2024-10-24 01:58:24,-32.79,4.43,21.11,0.52,60.0,300.0,-31.79898,-69.29582,2531
132,2024-10-23 22:58:30,2024-10-24 01:58:30,-32.39,4.37,21.15,0.5,60.0,330.0,-31.79898,-69.29582,2531
133,2024-10-23 22:58:37,2024-10-24 01:58:37,-33.37,4.39,21.25,0.46,70.0,0.0,-31.79898,-69.29582,2531
134,2024-10-23 22:58:43,2024-10-24 01:58:43,-33.09,4.37,21.28,0.45,70.0,45.0,-31.79898,-69.29582,2531
135,2024-10-23 22:58:50,2024-10-24 01:58:50,-32.85,4.39,21.31,0.43,70.0,90.0,-31.79898,-69.29582,2531
136,2024-10-23 22:58:57,2024-10-24 01:58:57,-33.31,4.35,21.38,0.41,70.0,135.0,-31.79898,-69.29582,2531
137,2024-10-23 22:59:05,2024-10-24 01:59:05,-33.49,4.33,21.39,0.4,70.0,180.0,-31.79898,-69.29582,2531
138,2024-10-23 22:59:12,2024-10-24 01:59:12,-33.31,4.31,21.36,0.41,70.0,225.0,-31.79898,-69.29582,2531
139,2024-10-23 22:59:19,2024-10-24 01:59:19,-33.37,4.31,21.26,0.45,70.0,270.0,-31.79898,-69.29582,2531
140,2024-10-23 22:59:25,2024-10-24 01:59:25,-33.37,4.23,21.24,0.46,70.0,315.0,-31.79898,-69.29582,2531
141,2024-10-23 22:59:32,2024-10-24 01:59:32,-33.89,4.27,21.31,0.43,80.0,0.0,-31.79898,-69.29582,2531
142,2024-10-23 22:59:42,2024-10-24 01:59:42,-34.01,4.21,21.38,0.41,80.0,90.0,-31.79898,-69.29582,2531
143,2024-10-23 22:59:52,2024-10-24 01:59:52,-33.83,4.17,21.43,0.39,80.0,180.0,-31.79898,-69.29582,2531
144,2024-10-23 23:00:02,2024-10-24 02:00:02,-34.35,4.15,21.33,0.42,80.0,270.0,-31.79898,-69.29582,2531
145,2024-10-23 23:00:14,2024-10-24 02:00:14,-34.19,4.15,21.38,0.41,90.0,0.0,-31.79898,-69.29582,2531
