TASF46_AS_2024_10_05_042321_Yela.ecsv
# %ECSV 0.9
# ---
# datatype:
# - {name: ind, datatype: int64}
# - {name: Datetime, datatype: string}
# - {name: UT_Datetime, datatype: string}
# - {name: Temp_IR, datatype: float64}
# - {name: T_sens, datatype: float64}
# - {name: Mag, datatype: float64}
# - {name: Hz, datatype: float64}
# - {name: Alt, datatype: float64}
# - {name: Azi, datatype: float64}
# - {name: Lat, datatype: float64}
# - {name: Long, datatype: float64}
# - {name: SL, datatype: int64}
# delimiter: ','
# meta: !!omap
# - keywords: !!omap
#   - {measurements_file: TASF46_AS_2024_10_05_042321_Yela.txt}
#   - {location: "Ca\xF1ada Real Galiana, Brihuega, Guadalajara, Castilla-La Mancha, 19214, Espa\xF1a"}
#   - {place: Yela}
#   - {latitude: '40.831171'}
#   - {longitude: '-2.800388'}
#   - {height: '1110'}
#   - {author: "Fernando L. Garc\xEDa Isidoro"}
#   - {association: "Agrupaci\xF3n Astron\xF3mica Complutense"}
#   - {photometer: TASF46}
#   - {LT_mean_date: '2024-10-5 4:27:25'}
#   - {LT_time_ini: '2024-10-5 4:23:33'}
#   - {LT_time_end: '2024-10-5 4:32:40'}
#   - {timezone: Europe/Madrid}
#   - {UT_mean_date: '2024-10-05 02:27:25'}
#   - {UT_time_ini: '2024-10-05 02:23:33'}
#   - {UT_time_end: '2024-10-05 02:32:40'}
#   - {comments: '# TASF46 20.5 T IR T Sens Mag Hz Alt Azi Lat Lon SL BAT '}
# schema: astropy-2.0
ind,Datetime,UT_Datetime,Temp_IR,T_sens,Mag,Hz,Alt,Azi,Lat,Long,SL
1,2024-10-5 4:23:33,2024-10-05 02:23:33,2.59,2.95,21.11,0.57,10.0,0.0,40.831171,-2.800388,1110
2,2024-10-5 4:23:37,2024-10-05 02:23:37,2.59,2.95,21.1,0.58,10.0,11.0,40.831171,-2.800388,1110
3,2024-10-5 4:23:40,2024-10-05 02:23:40,2.39,2.99,21.05,0.6,10.0,22.0,40.831171,-2.800388,1110
4,2024-10-5 4:23:43,2024-10-05 02:23:43,2.77,2.97,20.99,0.64,10.0,33.0,40.831171,-2.800388,1110
5,2024-10-5 4:23:46,2024-10-05 02:23:46,2.31,3.01,20.87,0.71,10.0,45.0,40.831171,-2.800388,1110
6,2024-10-5 4:23:49,2024-10-05 02:23:49,2.31,3.09,20.78,0.77,10.0,56.0,40.831171,-2.800388,1110
7,2024-10-5 4:23:52,2024-10-05 02:23:52,1.79,3.09,20.85,0.72,10.0,67.0,40.831171,-2.800388,1110
8,2024-10-5 4:23:55,2024-10-05 02:23:55,2.05,3.13,20.96,0.65,10.0,78.0,40.831171,-2.800388,1110
9,2024-10-5 4:23:58,2024-10-05 02:23:58,2.43,3.15,21.15,0.55,10.0,90.0,40.831171,-2.800388,1110
10,2024-10-5 4:24:2,2024-10-05 02:24:02,2.43,3.19,21.24,0.5,10.0,101.0,40.831171,-2.800388,1110
11,2024-10-5 4:24:5,2024-10-05 02:24:05,2.51,3.21,21.09,0.58,10.0,112.0,40.831171,-2.800388,1110
12,2024-10-5 4:24:9,2024-10-05 02:24:09,1.59,3.25,21.0,0.63,10.0,123.0,40.831171,-2.800388,1110
13,2024-10-5 4:24:12,2024-10-05 02:24:12,1.63,3.31,21.19,0.53,10.0,135.0,40.831171,-2.800388,1110
14,2024-10-5 4:24:17,2024-10-05 02:24:17,2.65,3.33,21.51,0.4,10.0,146.0,40.831171,-2.800388,1110
15,2024-10-5 4:24:23,2024-10-05 02:24:23,3.49,3.43,21.74,0.32,10.0,157.0,40.831171,-2.800388,1110
16,2024-10-5 4:24:29,2024-10-05 02:24:29,3.71,3.45,21.52,0.39,10.0,168.0,40.831171,-2.800388,1110
17,2024-10-5 4:24:32,2024-10-05 02:24:32,2.55,3.43,20.82,0.74,10.0,180.0,40.831171,-2.800388,1110
18,2024-10-5 4:24:34,2024-10-05 02:24:34,0.59,3.45,20.33,1.17,10.0,191.0,40.831171,-2.800388,1110
19,2024-10-5 4:24:37,2024-10-05 02:24:37,-0.03,3.53,20.11,1.44,10.0,202.0,40.831171,-2.800388,1110
20,2024-10-5 4:24:39,2024-10-05 02:24:39,0.29,3.55,19.86,1.81,10.0,213.0,40.831171,-2.800388,1110
21,2024-10-5 4:24:41,2024-10-05 02:24:41,0.43,3.53,19.74,2.01,10.0,225.0,40.831171,-2.800388,1110
22,2024-10-5 4:24:43,2024-10-05 02:24:43,1.01,3.51,19.7,2.09,10.0,236.0,40.831171,-2.800388,1110
23,2024-10-5 4:24:45,2024-10-05 02:24:45,1.01,3.55,19.71,2.07,10.0,247.0,40.831171,-2.800388,1110
24,2024-10-5 4:24:47,2024-10-05 02:24:47,1.43,3.55,20.0,1.59,10.0,258.0,40.831171,-2.800388,1110
25,2024-10-5 4:24:50,2024-10-05 02:24:50,1.97,3.57,20.56,0.95,10.0,270.0,40.831171,-2.800388,1110
26,2024-10-5 4:24:55,2024-10-05 02:24:55,2.51,3.63,21.04,0.61,10.0,281.0,40.831171,-2.800388,1110
27,2024-10-5 4:24:58,2024-10-05 02:24:58,3.23,3.61,21.23,0.51,10.0,292.0,40.831171,-2.800388,1110
28,2024-10-5 4:25:2,2024-10-05 02:25:02,2.99,3.65,21.09,0.58,10.0,303.0,40.831171,-2.800388,1110
29,2024-10-5 4:25:5,2024-10-05 02:25:05,2.89,3.61,20.91,0.69,10.0,315.0,40.831171,-2.800388,1110
30,2024-10-5 4:25:7,2024-10-05 02:25:07,2.77,3.67,20.89,0.7,10.0,326.0,40.831171,-2.800388,1110
31,2024-10-5 4:25:11,2024-10-05 02:25:11,2.69,3.65,20.97,0.65,10.0,337.0,40.831171,-2.800388,1110
32,2024-10-5 4:25:14,2024-10-05 02:25:14,2.73,3.69,21.07,0.59,10.0,348.0,40.831171,-2.800388,1110
33,2024-10-5 4:25:18,2024-10-05 02:25:18,-2.55,3.69,20.7,0.83,20.0,0.0,40.831171,-2.800388,1110
34,2024-10-5 4:25:22,2024-10-05 02:25:22,-2.23,3.71,20.66,0.86,20.0,12.0,40.831171,-2.800388,1110
35,2024-10-5 4:25:25,2024-10-05 02:25:25,-2.31,3.71,20.63,0.89,20.0,25.0,40.831171,-2.800388,1110
36,2024-10-5 4:25:28,2024-10-05 02:25:28,-2.95,3.71,20.57,0.93,20.0,38.0,40.831171,-2.800388,1110
37,2024-10-5 4:25:31,2024-10-05 02:25:31,-3.31,3.79,20.49,1.01,20.0,51.0,40.831171,-2.800388,1110
38,2024-10-5 4:25:34,2024-10-05 02:25:34,-3.15,3.79,20.48,1.02,20.0,64.0,40.831171,-2.800388,1110
39,2024-10-5 4:25:37,2024-10-05 02:25:37,-3.47,3.83,20.53,0.98,20.0,77.0,40.831171,-2.800388,1110
40,2024-10-5 4:25:41,2024-10-05 02:25:41,-3.07,3.79,20.65,0.87,20.0,90.0,40.831171,-2.800388,1110
41,2024-10-5 4:25:44,2024-10-05 02:25:44,-3.03,3.85,20.71,0.83,20.0,102.0,40.831171,-2.800388,1110
42,2024-10-5 4:25:47,2024-10-05 02:25:47,-3.51,3.87,20.52,0.98,20.0,115.0,40.831171,-2.800388,1110
43,2024-10-5 4:25:50,2024-10-05 02:25:50,-4.41,3.91,20.52,0.98,20.0,128.0,40.831171,-2.800388,1110
44,2024-10-5 4:25:54,2024-10-05 02:25:54,-3.55,3.93,20.73,0.81,20.0,141.0,40.831171,-2.800388,1110
45,2024-10-5 4:25:59,2024-10-05 02:25:59,-2.35,3.99,21.0,0.63,20.0,154.0,40.831171,-2.800388,1110
46,2024-10-5 4:26:2,2024-10-05 02:26:02,-2.15,3.93,21.03,0.61,20.0,167.0,40.831171,-2.800388,1110
47,2024-10-5 4:26:4,2024-10-05 02:26:04,-3.47,3.93,20.64,0.88,20.0,180.0,40.831171,-2.800388,1110
48,2024-10-5 4:26:7,2024-10-05 02:26:07,-5.11,4.03,20.32,1.18,20.0,192.0,40.831171,-2.800388,1110
49,2024-10-5 4:26:9,2024-10-05 02:26:09,-5.77,4.01,20.13,1.4,20.0,205.0,40.831171,-2.800388,1110
50,2024-10-5 4:26:12,2024-10-05 02:26:12,-5.47,4.01,19.89,1.75,20.0,218.0,40.831171,-2.800388,1110
51,2024-10-5 4:26:14,2024-10-05 02:26:14,-5.23,4.03,19.81,1.89,20.0,231.0,40.831171,-2.800388,1110
52,2024-10-5 4:26:16,2024-10-05 02:26:16,-4.61,4.05,19.7,2.09,20.0,244.0,40.831171,-2.800388,1110
53,2024-10-5 4:26:18,2024-10-05 02:26:18,-4.53,4.07,19.85,1.82,20.0,257.0,40.831171,-2.800388,1110
54,2024-10-5 4:26:21,2024-10-05 02:26:21,-3.55,4.13,20.21,1.3,20.0,270.0,40.831171,-2.800388,1110
55,2024-10-5 4:26:24,2024-10-05 02:26:24,-2.75,4.07,20.54,0.96,20.0,282.0,40.831171,-2.800388,1110
56,2024-10-5 4:26:27,2024-10-05 02:26:27,-2.27,4.07,20.65,0.87,20.0,295.0,40.831171,-2.800388,1110
57,2024-10-5 4:26:30,2024-10-05 02:26:30,-2.19,4.15,20.53,0.97,20.0,308.0,40.831171,-2.800388,1110
58,2024-10-5 4:26:33,2024-10-05 02:26:33,-2.39,4.17,20.5,1.0,20.0,321.0,40.831171,-2.800388,1110
59,2024-10-5 4:26:36,2024-10-05 02:26:36,-2.07,4.15,20.59,0.92,20.0,334.0,40.831171,-2.800388,1110
60,2024-10-5 4:26:40,2024-10-05 02:26:40,-2.51,4.17,20.67,0.85,20.0,347.0,40.831171,-2.800388,1110
61,2024-10-5 4:26:45,2024-10-05 02:26:45,-7.99,4.21,20.74,0.8,30.0,0.0,40.831171,-2.800388,1110
62,2024-10-5 4:26:48,2024-10-05 02:26:48,-8.07,4.17,20.71,0.82,30.0,15.0,40.831171,-2.800388,1110
63,2024-10-5 4:26:52,2024-10-05 02:26:52,-7.95,4.19,20.69,0.84,30.0,30.0,40.831171,-2.800388,1110
64,2024-10-5 4:26:56,2024-10-05 02:26:56,-7.91,4.21,20.67,0.85,30.0,45.0,40.831171,-2.800388,1110
65,2024-10-5 4:26:59,2024-10-05 02:26:59,-8.45,4.25,20.63,0.89,30.0,60.0,40.831171,-2.800388,1110
66,2024-10-5 4:27:2,2024-10-05 02:27:02,-8.85,4.19,20.58,0.93,30.0,75.0,40.831171,-2.800388,1110
67,2024-10-5 4:27:5,2024-10-05 02:27:05,-8.59,4.23,20.55,0.96,30.0,90.0,40.831171,-2.800388,1110
68,2024-10-5 4:27:8,2024-10-05 02:27:08,-8.81,4.23,20.54,0.96,30.0,105.0,40.831171,-2.800388,1110
69,2024-10-5 4:27:12,2024-10-05 02:27:12,-9.37,4.25,20.52,0.98,30.0,120.0,40.831171,-2.800388,1110
70,2024-10-5 4:27:15,2024-10-05 02:27:15,-9.49,4.23,20.57,0.93,30.0,135.0,40.831171,-2.800388,1110
71,2024-10-5 4:27:18,2024-10-05 02:27:18,-9.27,4.27,20.67,0.85,30.0,150.0,40.831171,-2.800388,1110
72,2024-10-5 4:27:22,2024-10-05 02:27:22,-9.15,4.25,20.74,0.8,30.0,165.0,40.831171,-2.800388,1110
73,2024-10-5 4:27:25,2024-10-05 02:27:25,-9.37,4.25,20.67,0.86,30.0,180.0,40.831171,-2.800388,1110
74,2024-10-5 4:27:29,2024-10-05 02:27:29,-9.79,4.25,20.55,0.95,30.0,195.0,40.831171,-2.800388,1110
75,2024-10-5 4:27:32,2024-10-05 02:27:32,-9.79,4.27,20.41,1.08,30.0,210.0,40.831171,-2.800388,1110
76,2024-10-5 4:27:34,2024-10-05 02:27:34,-10.09,4.27,20.26,1.25,30.0,225.0,40.831171,-2.800388,1110
77,2024-10-5 4:27:37,2024-10-05 02:27:37,-9.41,4.29,20.21,1.3,30.0,240.0,40.831171,-2.800388,1110
78,2024-10-5 4:27:40,2024-10-05 02:27:40,-9.37,4.31,20.28,1.23,30.0,255.0,40.831171,-2.800388,1110
79,2024-10-5 4:27:42,2024-10-05 02:27:42,-9.19,4.31,20.41,1.09,30.0,270.0,40.831171,-2.800388,1110
80,2024-10-5 4:27:45,2024-10-05 02:27:45,-8.41,4.35,20.51,0.99,30.0,285.0,40.831171,-2.800388,1110
81,2024-10-5 4:27:48,2024-10-05 02:27:48,-8.21,4.35,20.53,0.97,30.0,300.0,40.831171,-2.800388,1110
82,2024-10-5 4:27:51,2024-10-05 02:27:51,-8.25,4.39,20.56,0.95,30.0,315.0,40.831171,-2.800388,1110
83,2024-10-5 4:27:55,2024-10-05 02:27:55,-8.33,4.39,20.67,0.86,30.0,330.0,40.831171,-2.800388,1110
84,2024-10-5 4:27:58,2024-10-05 02:27:58,-8.25,4.41,20.74,0.8,30.0,345.0,40.831171,-2.800388,1110
85,2024-10-5 4:28:2,2024-10-05 02:28:02,-10.93,4.39,20.87,0.71,40.0,0.0,40.831171,-2.800388,1110
86,2024-10-5 4:28:7,2024-10-05 02:28:07,-10.97,4.43,20.86,0.72,40.0,18.0,40.831171,-2.800388,1110
87,2024-10-5 4:28:11,2024-10-05 02:28:11,-11.15,4.43,20.83,0.74,40.0,36.0,40.831171,-2.800388,1110
88,2024-10-5 4:28:15,2024-10-05 02:28:15,-11.55,4.41,20.8,0.76,40.0,54.0,40.831171,-2.800388,1110
89,2024-10-5 4:28:19,2024-10-05 02:28:19,-11.63,4.41,20.73,0.81,40.0,72.0,40.831171,-2.800388,1110
90,2024-10-5 4:28:22,2024-10-05 02:28:22,-11.85,4.43,20.64,0.88,40.0,90.0,40.831171,-2.800388,1110
91,2024-10-5 4:28:25,2024-10-05 02:28:25,-12.11,4.43,20.59,0.92,40.0,108.0,40.831171,-2.800388,1110
92,2024-10-5 4:28:29,2024-10-05 02:28:29,-12.11,4.41,20.62,0.89,40.0,126.0,40.831171,-2.800388,1110
93,2024-10-5 4:28:32,2024-10-05 02:28:32,-12.39,4.43,20.73,0.81,40.0,144.0,40.831171,-2.800388,1110
94,2024-10-5 4:28:36,2024-10-05 02:28:36,-12.75,4.43,20.82,0.74,40.0,162.0,40.831171,-2.800388,1110
95,2024-10-5 4:28:40,2024-10-05 02:28:40,-12.29,4.43,20.81,0.75,40.0,180.0,40.831171,-2.800388,1110
96,2024-10-5 4:28:44,2024-10-05 02:28:44,-12.53,4.45,20.73,0.81,40.0,198.0,40.831171,-2.800388,1110
97,2024-10-5 4:28:47,2024-10-05 02:28:47,-12.39,4.47,20.63,0.89,40.0,216.0,40.831171,-2.800388,1110
98,2024-10-5 4:28:51,2024-10-05 02:28:51,-12.03,4.47,20.57,0.94,40.0,234.0,40.831171,-2.800388,1110
99,2024-10-5 4:28:54,2024-10-05 02:28:54,-11.63,4.47,20.59,0.92,40.0,252.0,40.831171,-2.800388,1110
100,2024-10-5 4:28:57,2024-10-05 02:28:57,-12.03,4.49,20.66,0.86,40.0,270.0,40.831171,-2.800388,1110
101,2024-10-5 4:29:1,2024-10-05 02:29:01,-11.45,4.49,20.7,0.83,40.0,288.0,40.831171,-2.800388,1110
102,2024-10-5 4:29:4,2024-10-05 02:29:04,-11.55,4.49,20.68,0.85,40.0,306.0,40.831171,-2.800388,1110
103,2024-10-5 4:29:8,2024-10-05 02:29:08,-10.89,4.47,20.74,0.8,40.0,324.0,40.831171,-2.800388,1110
104,2024-10-5 4:29:12,2024-10-05 02:29:12,-11.15,4.49,20.85,0.73,40.0,342.0,40.831171,-2.800388,1110
105,2024-10-5 4:29:17,2024-10-05 02:29:17,-13.15,4.51,20.96,0.65,50.0,0.0,40.831171,-2.800388,1110
106,2024-10-5 4:29:21,2024-10-05 02:29:21,-12.83,4.49,20.96,0.65,50.0,22.0,40.831171,-2.800388,1110
107,2024-10-5 4:29:26,2024-10-05 02:29:26,-12.97,4.57,20.94,0.67,50.0,45.0,40.831171,-2.800388,1110
108,2024-10-5 4:29:30,2024-10-05 02:29:30,-12.97,4.51,20.86,0.72,50.0,67.0,40.831171,-2.800388,1110
109,2024-10-5 4:29:34,2024-10-05 02:29:34,-13.15,4.53,20.72,0.81,50.0,90.0,40.831171,-2.800388,1110
110,2024-10-5 4:29:37,2024-10-05 02:29:37,-13.61,4.53,20.64,0.88,50.0,112.0,40.831171,-2.800388,1110
111,2024-10-5 4:29:41,2024-10-05 02:29:41,-13.69,4.51,20.72,0.81,50.0,135.0,40.831171,-2.800388,1110
112,2024-10-5 4:29:45,2024-10-05 02:29:45,-13.87,4.53,20.89,0.7,50.0,157.0,40.831171,-2.800388,1110
113,2024-10-5 4:29:49,2024-10-05 02:29:49,-13.93,4.49,20.9,0.69,50.0,180.0,40.831171,-2.800388,1110
114,2024-10-5 4:29:54,2024-10-05 02:29:54,-13.69,4.53,20.85,0.73,50.0,202.0,40.831171,-2.800388,1110
115,2024-10-5 4:29:57,2024-10-05 02:29:57,-13.29,4.51,20.8,0.76,50.0,225.0,40.831171,-2.800388,1110
116,2024-10-5 4:30:1,2024-10-05 02:30:01,-13.69,4.53,20.8,0.76,50.0,247.0,40.831171,-2.800388,1110
117,2024-10-5 4:30:6,2024-10-05 02:30:06,-13.47,4.51,20.83,0.73,50.0,270.0,40.831171,-2.800388,1110
118,2024-10-5 4:30:10,2024-10-05 02:30:10,-13.55,4.53,20.83,0.74,50.0,292.0,40.831171,-2.800388,1110
119,2024-10-5 4:30:14,2024-10-05 02:30:14,-13.23,4.57,20.8,0.76,50.0,315.0,40.831171,-2.800388,1110
120,2024-10-5 4:30:18,2024-10-05 02:30:18,-13.15,4.59,20.9,0.69,50.0,337.0,40.831171,-2.800388,1110
121,2024-10-5 4:30:22,2024-10-05 02:30:22,-14.19,4.59,21.01,0.63,60.0,0.0,40.831171,-2.800388,1110
122,2024-10-5 4:30:27,2024-10-05 02:30:27,-14.23,4.57,21.02,0.62,60.0,30.0,40.831171,-2.800388,1110
123,2024-10-5 4:30:32,2024-10-05 02:30:32,-14.47,4.57,20.95,0.66,60.0,60.0,40.831171,-2.800388,1110
124,2024-10-5 4:30:36,2024-10-05 02:30:36,-15.07,4.59,20.8,0.76,60.0,90.0,40.831171,-2.800388,1110
125,2024-10-5 4:30:41,2024-10-05 02:30:41,-15.01,4.57,20.69,0.84,60.0,120.0,40.831171,-2.800388,1110
126,2024-10-5 4:30:45,2024-10-05 02:30:45,-15.01,4.57,20.86,0.72,60.0,150.0,40.831171,-2.800388,1110
127,2024-10-5 4:30:49,2024-10-05 02:30:49,-15.25,4.53,20.94,0.67,60.0,180.0,40.831171,-2.800388,1110
128,2024-10-5 4:30:54,2024-10-05 02:30:54,-14.83,4.53,20.93,0.67,60.0,210.0,40.831171,-2.800388,1110
129,2024-10-5 4:30:58,2024-10-05 02:30:58,-14.75,4.59,20.93,0.67,60.0,240.0,40.831171,-2.800388,1110
130,2024-10-5 4:31:3,2024-10-05 02:31:03,-14.93,4.57,20.95,0.66,60.0,270.0,40.831171,-2.800388,1110
131,2024-10-5 4:31:7,2024-10-05 02:31:07,-14.37,4.57,20.9,0.69,60.0,300.0,40.831171,-2.800388,1110
132,2024-10-5 4:31:11,2024-10-05 02:31:11,-14.47,4.57,20.92,0.68,60.0,330.0,40.831171,-2.800388,1110
133,2024-10-5 4:31:18,2024-10-05 02:31:18,-15.25,4.57,21.01,0.63,70.0,0.0,40.831171,-2.800388,1110
134,2024-10-5 4:31:24,2024-10-05 02:31:24,-15.15,4.59,21.0,0.63,70.0,45.0,40.831171,-2.800388,1110
135,2024-10-5 4:31:30,2024-10-05 02:31:30,-15.67,4.57,20.89,0.7,70.0,90.0,40.831171,-2.800388,1110
136,2024-10-5 4:31:35,2024-10-05 02:31:35,-15.81,4.53,20.83,0.74,70.0,135.0,40.831171,-2.800388,1110
137,2024-10-5 4:31:41,2024-10-05 02:31:41,-15.57,4.53,21.01,0.63,70.0,180.0,40.831171,-2.800388,1110
138,2024-10-5 4:31:48,2024-10-05 02:31:48,-15.85,4.49,21.01,0.63,70.0,225.0,40.831171,-2.800388,1110
139,2024-10-5 4:31:54,2024-10-05 02:31:54,-15.49,4.51,21.0,0.63,70.0,270.0,40.831171,-2.800388,1110
140,2024-10-5 4:32:0,2024-10-05 02:32:00,-15.57,4.49,20.94,0.67,70.0,315.0,40.831171,-2.800388,1110
141,2024-10-5 4:32:7,2024-10-05 02:32:07,-15.89,4.51,21.0,0.63,80.0,0.0,40.831171,-2.800388,1110
142,2024-10-5 4:32:14,2024-10-05 02:32:14,-16.27,4.47,20.97,0.65,80.0,90.0,40.831171,-2.800388,1110
143,2024-10-5 4:32:22,2024-10-05 02:32:22,-15.95,4.47,21.04,0.61,80.0,180.0,40.831171,-2.800388,1110
144,2024-10-5 4:32:31,2024-10-05 02:32:31,-15.99,4.47,21.02,0.62,80.0,270.0,40.831171,-2.800388,1110
145,2024-10-5 4:32:40,2024-10-05 02:32:40,-15.99,4.47,21.02,0.62,90.0,0.0,40.831171,-2.800388,1110
